### var1 :  event_nPV 
### var2 :  ph_et 
+10.00000	+15.00000	+10.00000	+15.00000	0.83244	0.00100	0.08525	0.00250	0.00031	0.69379	0.00000	0.00071
+15.00000	+20.00000	+10.00000	+15.00000	0.82725	0.00100	0.09332	0.00121	0.00009	0.56451	0.00000	0.45972
+20.00000	+25.00000	+10.00000	+15.00000	0.84612	0.00100	0.10076	0.00100	0.00001	0.48777	0.00000	0.54362
+25.00000	+30.00000	+10.00000	+15.00000	0.00001	0.00100	0.10725	0.00100	0.00001	0.91934	0.00000	0.86269
+30.00000	+35.00000	+10.00000	+15.00000	0.87281	0.00100	0.11637	0.00100	0.00000	0.90885	0.00000	0.00001
+35.00000	+40.00000	+10.00000	+15.00000	0.00001	0.00100	0.12334	0.00100	0.00000	0.91287	0.00000	0.37562
+40.00000	+50.00000	+10.00000	+15.00000	0.89798	0.00100	0.13456	0.00100	0.72105	0.94663	0.00000	0.85259
+50.00000	+100.00000	+10.00000	+15.00000	0.78543	0.00100	0.14961	0.00261	0.00003	0.69334	0.00000	0.29948
+10.00000	+15.00000	+15.00000	+20.00000	0.13276	0.00399	0.08505	0.00167	0.19593	0.32610	1.00000	0.28086
+15.00000	+20.00000	+15.00000	+20.00000	0.00004	0.00100	0.08733	0.00100	0.05888	0.24427	0.00000	0.28077
+20.00000	+25.00000	+15.00000	+20.00000	0.06612	0.00100	0.09292	0.00100	0.10413	0.00002	0.00000	0.20099
+25.00000	+30.00000	+15.00000	+20.00000	0.00071	0.00100	0.09814	0.00100	0.07480	0.81554	0.00000	0.28916
+30.00000	+35.00000	+15.00000	+20.00000	0.09039	0.00100	0.10345	0.00100	0.11730	0.77038	0.00000	0.25929
+35.00000	+40.00000	+15.00000	+20.00000	0.82471	0.00100	0.11000	0.00100	0.05406	0.66752	0.00000	0.23544
+40.00000	+50.00000	+15.00000	+20.00000	0.83337	0.00100	0.11785	0.00100	0.13289	0.84252	0.00000	0.27083
+50.00000	+100.00000	+15.00000	+20.00000	0.00001	0.00100	0.12990	0.00162	0.10016	0.07047	0.00000	0.27676
+10.00000	+15.00000	+20.00000	+25.00000	0.10551	0.00100	0.07624	0.00116	0.23560	0.23449	1.00000	0.28163
+15.00000	+20.00000	+20.00000	+25.00000	0.12779	0.00100	0.08200	0.00100	0.39848	0.15782	0.00000	0.24498
+20.00000	+25.00000	+20.00000	+25.00000	0.13105	0.00100	0.08475	0.00100	0.20871	0.09715	0.00000	0.23149
+25.00000	+30.00000	+20.00000	+25.00000	0.14648	0.00100	0.08889	0.00100	0.22081	0.59621	0.00000	0.23532
+30.00000	+35.00000	+20.00000	+25.00000	0.46802	0.00100	0.09293	0.00100	0.23478	0.60329	0.00000	0.25757
+35.00000	+40.00000	+20.00000	+25.00000	0.17236	0.00100	0.09781	0.00100	0.24060	0.61655	0.00000	0.61649
+40.00000	+50.00000	+20.00000	+25.00000	0.64802	0.00100	0.10286	0.00100	0.24092	0.62878	0.00000	0.62648
+50.00000	+100.00000	+20.00000	+25.00000	0.17558	0.00100	0.11207	0.00110	0.22661	0.22615	1.00000	0.26193
+10.00000	+15.00000	+25.00000	+35.00000	0.10042	0.00100	0.06434	0.00100	0.11700	0.06883	0.00000	0.12412
+15.00000	+20.00000	+25.00000	+35.00000	0.09630	0.00100	0.06742	0.00100	0.13010	0.08052	0.00000	0.13562
+20.00000	+25.00000	+25.00000	+35.00000	0.10251	0.00100	0.07009	0.00100	0.13535	0.08723	0.00000	0.14294
+25.00000	+30.00000	+25.00000	+35.00000	0.11528	0.00100	0.07356	0.00100	0.14612	0.08254	0.00000	0.15376
+30.00000	+35.00000	+25.00000	+35.00000	0.30685	0.00100	0.07730	0.00100	0.15727	0.10819	0.00000	0.16529
+35.00000	+40.00000	+25.00000	+35.00000	0.31491	0.00100	0.08081	0.00100	0.16367	0.09339	0.00000	0.17098
+40.00000	+50.00000	+25.00000	+35.00000	0.32163	0.00100	0.08526	0.00100	0.16857	0.11441	0.00000	0.17681
+50.00000	+100.00000	+25.00000	+35.00000	0.13805	0.00100	0.09191	0.00100	0.17082	0.10065	0.00000	0.18087
+10.00000	+15.00000	+35.00000	+50.00000	0.07330	0.00100	0.05451	0.00100	0.08241	0.07191	0.00000	0.08050
+15.00000	+20.00000	+35.00000	+50.00000	0.07977	0.00198	0.05750	0.00100	0.08919	0.07921	0.00000	0.08796
+20.00000	+25.00000	+35.00000	+50.00000	0.14326	0.00100	0.06048	0.00100	0.09855	0.08840	0.00000	0.09711
+25.00000	+30.00000	+35.00000	+50.00000	0.15399	0.00100	0.06350	0.00100	0.11060	0.09927	0.00000	0.10904
+30.00000	+35.00000	+35.00000	+50.00000	0.11418	0.00100	0.06704	0.00100	0.12139	0.11142	0.00000	0.11984
+35.00000	+40.00000	+35.00000	+50.00000	0.17007	0.00100	0.07018	0.00100	0.12798	0.11806	0.00000	0.12642
+40.00000	+50.00000	+35.00000	+50.00000	0.11942	0.00100	0.07430	0.00100	0.13151	0.12049	0.00000	0.13000
+50.00000	+100.00000	+35.00000	+50.00000	0.17874	0.00100	0.08066	0.00100	0.13420	0.12295	0.00000	0.13274
+10.00000	+15.00000	+50.00000	+70.00000	0.09056	0.00100	0.05408	0.00100	0.09198	0.14346	1.00000	0.10007
+15.00000	+20.00000	+50.00000	+70.00000	0.09435	0.00100	0.05676	0.00100	0.09560	0.12433	0.00000	0.10542
+20.00000	+25.00000	+50.00000	+70.00000	0.10567	0.00100	0.05887	0.00100	0.10168	0.12644	0.00000	0.11120
+25.00000	+30.00000	+50.00000	+70.00000	0.10389	0.00100	0.06143	0.00100	0.11255	0.14193	0.00000	0.12240
+30.00000	+35.00000	+50.00000	+70.00000	0.11467	0.00100	0.06485	0.00100	0.12222	0.15809	0.00000	0.13268
+35.00000	+40.00000	+50.00000	+70.00000	0.17455	0.00100	0.06793	0.00100	0.13023	0.15762	0.00000	0.14127
+40.00000	+50.00000	+50.00000	+70.00000	0.13028	0.00100	0.07177	0.00100	0.13232	0.16843	0.00000	0.14379
+50.00000	+100.00000	+50.00000	+70.00000	0.13663	0.00100	0.07907	0.00100	0.13777	0.20249	1.00000	0.14956
+10.00000	+15.00000	+70.00000	+200.00000	0.10428	0.01658	0.05449	0.00207	0.11737	0.37484	1.00000	0.10515
+15.00000	+20.00000	+70.00000	+200.00000	0.08358	0.00100	0.05540	0.00100	0.10221	0.35358	1.00000	0.09013
+20.00000	+25.00000	+70.00000	+200.00000	0.07844	0.00100	0.05921	0.00100	0.07663	0.26572	0.00000	0.08667
+25.00000	+30.00000	+70.00000	+200.00000	0.09415	0.00100	0.06155	0.00100	0.09392	0.28096	0.00000	0.10115
+30.00000	+35.00000	+70.00000	+200.00000	0.10539	0.00100	0.06385	0.00100	0.10639	0.28848	0.00000	0.10590
+35.00000	+40.00000	+70.00000	+200.00000	0.11318	0.00100	0.06720	0.00100	0.10746	0.29550	0.00000	0.11794
+40.00000	+50.00000	+70.00000	+200.00000	0.11340	0.00100	0.06959	0.00100	0.11294	0.29850	0.00000	0.09608
+50.00000	+100.00000	+70.00000	+200.00000	0.11167	0.00384	0.07400	0.00189	0.10922	0.29782	1.00000	0.12016
